Shades,Frequency,Percentage,Cumulative Percentage
1,3,6.0,6.0
2,4,8.0,14.0
3,5,10.0,24.0
4,5,10.0,34.0
5,6,12.0,46.0
6,6,12.0,58.0
7,1,2.0,60.0
8,3,6.0,66.0
9,1,2.0,68.0
10,2,4.0,72.0
12,4,8.0,80.0
13,1,2.0,82.0
14,2,4.0,86.0
16,1,2.0,88.0
19,3,6.0,94.0
20,1,2.0,96.0
24,2,4.0,100.0
